4101030624101 
4101030687101 
4101030692101 
4101030714101 
4101030762101 
4101030789101 
4101031073101 
4101031079101 
4101031201101 
4101031207101 
4101031209101 
4101031210101 
4101031220101 
4101031221101 
4101031228101 
4101031241101 
4101031259101 
4101031260101 
4101031264101 
4101031265101 
4101031266101 
4101031269101 
4101031270101 
4101031279101 
4101031281101 
4101031284101 
4101031287101 
4101031288101 
4101031290101 
4101031291101 
4101031297101 
4101031299101 
4101031312101 
4101031407101 
4101031420101 
4101031491101 
4101031497101 
4101031522101 
4101031546101 
4101031555101 
4101031556101 
4101031568101 
4101031589101 
4101031652101 
4101031667101 
4101031705101 
4101031707101 
4101032001101 
4101032031101 
4101032043101 
4101032057101 
4101032059101 
4101032074101 
4101035012101 
4101035013101 
4101035027101 
4101035051101 
4101035088101 
4101035089101 
4101035090101 
4101035091101 
4101035101101 
4101035102101 
4101035103101 
4101035104101 
4101035105101 
4101035109101 
4101040603101 
4101040604101 
4101040606101 
4101040608101 
4101040609101 
4101040616101 
4101040618101 
4101040627101 
4101040628101 
4101040630101 
4101040633101 
4101040634101 
4101040636101 
4101040643101 
4101040644101 
4101040648101 
4101040649101 
4101040650101 
4101040651101 
4101040653101 
4101040658101 
4101040659101 
4101040663101 
4101040664101 
4101040665101 
4101040666101 
4101040676101 
4101040677101 
4101040680101 
4101040681101 
4101040682101 
4101040686101 
4101040689101 
4101040690101 
4101040693101 
4101040694101 
4101040696101 
4101040697101 
4101040701101 
4101040703101 
4101040706101 
4101040740101 
4101040746101 
4101040747101 
4101040748101 
4101040756101 
4101040763101 
4101040767101 
4101040769101 
4101040770101 
4101040777101 
4101040781101 
4101040782101 
4101040784101 
4101040787101 
4101040788101 
4101041053101 
4101041078101 
4101041225101 
4101041229101 
4101041231101 
4101041235101 
4101041239101 
4101041240101 
4101041245101 
4101041247101 
4101041249101 
4101041275101 
4101041283101 
4101041294101 
4101041296101 
4101041301101 
4101041310101 
4101041313101 
4101041406101 
4101041408101 
4101041409101 
4101041410101 
4101041411101 
4101041412101 
4101041413101 
4101041415101 
4101041415102 
4101041417101 
4101041418101 
4101041419101 
4101041422101 
4101041423101 
4101041424101 
4101041425101 
4101041426101 
4101041427101 
4101041429101 
4101041430101 
4101041431101 
4101041433101 
4101041434101 
4101041436101 
4101041437101 
4101041440101 
4101041443101 
4101041444101 
4101041445101 
4101041447101 
4101041448101 
4101041450101 
4101041451101 
4101041453101 
4101041454101 
4101041456101 
4101041459101 
4101041460101 
4101041461101 
4101041463101 
4101041464101 
4101041466101 
4101041467101 
4101041471101 
4101041472101 
4101041473101 
4101041474101 
4101041475101 
4101041477101 
4101041478101 
4101041480101 
4101041481101 
4101041483101 
4101041485101 
4101041487101 
4101041488101 
4101041489101 
4101041492101 
4101041493101 
4101041494101 
4101041495101 
4101041496101 
4101041498101 
4101041507101 
4101041517101 
4101041521101 
4101041524101 
4101041538101 
4101041539101 
4101041540101 
4101041549101 
4101041551101 
4101041552101 
4101041557101 
4101041564101 
4101041567101 
4101041571101 
4101041574101 
4101041575101 
4101041579101 
4101041580101 
4101041583101 
4101041586101 
4101041591101 
4101041594101 
4101041610101 
4101041681101 
4101041682101 
4101041687101 
4101041702101 
4101041706101 
4101041726101 
4101041730101 
4101041741101 
4101041748101 
4101041763101 
4101041767101 
4101041768101 
4101041769101 
4101041772101 
4101041774101 
4101041798101 
4101042014101 
4101042016101 
4101042024101 
4101042026101 
4101042030101 
4101042033101 
4101042036101 
4101042039101 
4101042041101 
4101042045101 
4101042047101 
4101042051101 
4101042056101 
4101042061101 
4101042067101 
4101042073101 
4101042078101 
4101042081101 
4101042082101 
4101042084101 
4101042088101 
4101042091101 
4101045003101 
4101045004101 
4101045010101 
4101045016101 
4101045017101 
4101045018101 
4101045019101 
4101045030101 
4101045034101 
4101045039101 
4101045045101 
4101045049101 
4101045055101 
4101045056101 
4101045063101 
4101045065101 
4101045066101 
4101045068101 
4101045072101 
4101045080101 
4101045081101 
4101045100101 
4101045107101 
4101045110101 
4101045111101 
4101045117101 
4101045118101 
4101045121101 
4101045127101 
4101045130101 
4101045132101 
4101045133101 
4101045134101 
4101045135101 
4101045136101 
4101045137101 
4101045138101 
4101045140101 
4101045146101 
4101045147101 
4101045148101 
4101045149101 
4101045150101 
4101045151101 
4101045152101 
4101045154101 
4101045155101 
4101045169801 
4101045170801 
4101045171801 
4101050001101 
4101050602101 
4101050605101 
4101050607101 
4101050610101 
4101050611101 
4101050612101 
4101050614101 
4101050615101 
4101050617101 
4101050619101 
4101050620101 
4101050621101 
4101050622101 
4101050623101 
4101050625101 
4101050626101 
4101050629101 
4101050631101 
4101050632101 
4101050635101 
4101050637101 
4101050638101 
4101050639101 
4101050640101 
4101050641101 
4101050642101 
4101050645101 
4101050646101 
4101050647101 
4101050652101 
4101050654101 
4101050656101 
4101050657101 
4101050660101 
4101050661101 
4101050662101 
4101050667101 
4101050668101 
4101050669101 
4101050673101 
4101050674101 
4101050683101 
4101050684101 
4101050691101 
4101050695101 
4101050698101 
4101050699101 
4101050702101 
4101050705101 
4101050707101 
4101050708101 
4101050709101 
4101050710101 
4101050711101 
4101050712101 
4101050715101 
4101050716101 
4101050717101 
4101050718101 
4101050720101 
4101050721101 
4101050722101 
4101050723101 
4101050724101 
4101050725101 
4101050726101 
4101050727101 
4101050729101 
4101050730101 
4101050731101 
4101050732101 
4101050733101 
4101050734101 
4101050735101 
4101050736101 
4101050737101 
4101050738101 
4101050741101 
4101050742101 
4101050743101 
4101050744101 
4101050749101 
4101050750101 
4101050751101 
4101050752101 
4101050754101 
4101050755101 
4101050760101 
4101050761101 
4101050764101 
4101050765101 
4101050766101 
4101050768101 
4101050771101 
4101050772101 
4101050773101 
4101050774101 
4101050775101 
4101050778101 
4101050779101 
4101050780101 
4101050783101 
4101050786101 
4101050790101 
4101050793101 
4101050797101 
4101050798101 
4101050799101 
4101051022101 
4101051067101 
4101051068101 
4101051071101 
4101051072101 
4101051080101 
4101051202101 
4101051208101 
4101051223101 
4101051252101 
4101051277101 
4101051280101 
4101051282101 
4101051306101 
4101051401101 
4101051402101 
4101051403101 
4101051404101 
4101051405101 
4101051414101 
4101051421101 
4101051428101 
4101051432101 
4101051435101 
4101051438101 
4101051439101 
4101051442101 
4101051446101 
4101051449101 
4101051452101 
4101051455101 
4101051457101 
4101051458101 
4101051462101 
4101051465101 
4101051468101 
4101051469101 
4101051470101 
4101051476101 
4101051479101 
4101051482101 
4101051484101 
4101051486101 
4101051490101 
4101051499101 
4101051502101 
4101051503101 
4101051504101 
4101051505101 
4101051506101 
4101051508101 
4101051511101 
4101051512101 
4101051513101 
4101051514101 
4101051515101 
4101051518101 
4101051523101 
4101051525101 
4101051526101 
4101051527101 
4101051528101 
4101051529101 
4101051531101 
4101051532101 
4101051533101 
4101051534101 
4101051535101 
4101051536101 
4101051541101 
4101051542101 
4101051543101 
4101051544101 
4101051545101 
4101051548101 
4101051553101 
4101051554101 
4101051558101 
4101051559101 
4101051560101 
4101051561101 
4101051562101 
4101051566101 
4101051569101 
4101051570101 
4101051572101 
4101051573101 
4101051577101 
4101051578101 
4101051582101 
4101051584101 
4101051588101 
4101051590101 
4101051592101 
4101051593101 
4101051595101 
4101051596101 
4101051597101 
4101051598101 
4101051599101 
4101051601101 
4101051603101 
4101051604101 
4101051605101 
4101051606101 
4101051607101 
4101051608101 
4101051609101 
4101051611101 
4101051612101 
4101051613101 
4101051614101 
4101051615101 
4101051616101 
4101051617101 
4101051618101 
4101051620101 
4101051621101 
4101051622101 
4101051623101 
4101051624101 
4101051625101 
4101051626101 
4101051628101 
4101051629101 
4101051631101 
4101051632101 
4101051633101 
4101051634101 
4101051635101 
4101051636101 
4101051637101 
4101051638101 
4101051639101 
4101051640101 
4101051641101 
4101051642101 
4101051643101 
4101051644101 
4101051645101 
4101051646101 
4101051647101 
4101051648101 
4101051649101 
4101051650101 
4101051651101 
4101051653101 
4101051654101 
4101051655101 
4101051656101 
4101051657101 
4101051658101 
4101051659101 
4101051660101 
4101051661101 
4101051662101 
4101051663101 
4101051665101 
4101051666101 
4101051668101 
4101051669101 
4101051671101 
4101051672101 
4101051673101 
4101051674101 
4101051675101 
4101051676101 
4101051677101 
4101051678101 
4101051679101 
4101051680101 
4101051683101 
4101051684101 
4101051686101 
4101051688101 
4101051689101 
4101051690101 
4101051692101 
4101051693101 
4101051694101 
4101051695101 
4101051696101 
4101051697101 
4101051698101 
4101051699101 
4101051701101 
4101051703101 
4101051704101 
4101051708101 
4101051709101 
4101051710101 
4101051711101 
4101051712101 
4101051713101 
4101051714101 
4101051715101 
4101051716101 
4101051718101 
4101051719101 
4101051720101 
4101051721101 
4101051722101 
4101051723101 
4101051724101 
4101051725101 
4101051727101 
4101051728101 
4101051731101 
4101051732101 
4101051733101 
4101051735101 
4101051736101 
4101051737101 
4101051738101 
4101051739101 
4101051740101 
4101051742101 
4101051743101 
4101051744101 
4101051745101 
4101051746101 
4101051747101 
4101051749101 
4101051750101 
4101051751101 
4101051753101 
4101051754101 
4101051755101 
4101051756101 
4101051757101 
4101051758101 
4101051759101 
4101051760101 
4101051761101 
4101051762101 
4101051764101 
4101051765101 
4101051766101 
4101051770101 
4101051771101 
4101051775101 
4101051776101 
4101051777101 
4101051778101 
4101051779101 
4101051780101 
4101051781101 
4101051782101 
4101051783101 
4101051787101 
4101051788101 
4101051789101 
4101051791101 
4101051792101 
4101051793101 
4101051794101 
4101051795101 
4101051796101 
4101051799101 
4101051888101 
4101051998101 
4101052005101 
4101052006101 
4101052007101 
4101052008101 
4101052009101 
4101052010101 
4101052011101 
4101052012101 
4101052013101 
4101052015101 
4101052017101 
4101052018101 
4101052019101 
4101052020101 
4101052021101 
4101052023101 
4101052027101 
4101052028101 
4101052029101 
4101052032101 
4101052034101 
4101052035101 
4101052037101 
4101052038101 
4101052040101 
4101052042101 
4101052048101 
4101052049101 
4101052050101 
4101052053101 
4101052054101 
4101052055101 
4101052060101 
4101052062101 
4101052063101 
4101052064101 
4101052066101 
4101052069101 
4101052070101 
4101052071101 
4101052072101 
4101052075101 
4101052076101 
4101052077101 
4101052080101 
4101052083101 
4101052085101 
4101052087101 
4101052089101 
4101052090101 
4101052092101 
4101052093101 
4101052094101 
4101052095101 
4101052096101 
4101052097101 
4101052098101 
4101052099101 
4101055005101 
4101055006101 
4101055007101 
4101055008101 
4101055009101 
4101055011101 
4101055014101 
4101055015101 
4101055020101 
4101055021101 
4101055024101 
4101055025101 
4101055028101 
4101055029101 
4101055031101 
4101055032101 
4101055033101 
4101055035101 
4101055036101 
4101055037101 
4101055038101 
4101055040101 
4101055041101 
4101055042101 
4101055046101 
4101055047101 
4101055048101 
4101055050101 
4101055052101 
4101055053101 
4101055054101 
4101055057101 
4101055059101 
4101055060101 
4101055061101 
4101055062101 
4101055067101 
4101055069101 
4101055070101 
4101055073101 
4101055074101 
4101055075101 
4101055077101 
4101055082101 
4101055083101 
4101055085101 
4101055087101 
4101055095101 
4101055097101 
4101055098101 
4101055099101 
4101055108101 
4101055113101 
4101055114101 
4101055115101 
4101055116101 
4101055122101 
4101055123101 
4101055126101 
4101055129101 
4101055153101 
4101055156801 
4101055157801 
4101055158801 
4101055159801 
4101055160801 
4101055161801 
4101055162801 
4101055163801 
4101055164801 
4101055165801 
4101055168801 
4101055172801 
4101059992101 
4101080601101 
4101080613101 
4101080655101 
4101080670101 
4101080671101 
4101080672101 
4101080678101 
4101080685101 
4101080688101 
4101080719101 
4101080739101 
4101080753101 
4101080757101 
4101080758101 
4101080759101 
4101080776101 
4101080785101 
4101080791101 
4101080795101 
4101080796101 
4101081233101 
4101081236101 
4101081289101 
4101081416101 
4101081501101 
4101081509101 
4101081510101 
4101081516101 
4101081519101 
4101081520101 
4101081530101 
4101081537101 
4101081547101 
4101081550101 
4101081563101 
4101081576101 
4101081581101 
4101081585101 
4101081602101 
4101081619101 
4101081630101 
4101081691101 
4101081717101 
4101081752101 
4101081784101 
4101081785101 
4101081786101 
4101081790101 
4101081797101 
4101082002101 
4101082025101 
4101082044101 
4101082046101 
4101082052101 
4101082058101 
4101082065101 
4101082068101 
4101082086101 
4101085001101 
4101085002101 
4101085022101 
4101085023101 
4101085026101 
4101085043101 
4101085044101 
4101085076101 
4101085084101 
4101085086101 
4101085096101 
4101085112101 
4101085119101 
4101085120101 
4101085125101 
4101085128101 
4101085142101 
4101085143101 
4101100012101 
4101100032101 
4101100038101 
4101100046101 
4101100059101 
4101100063101 
4101100064101 
4101100067101 
4101100069101 
4101100071101 
4101100675101 
4101100679101 
4101100704101 
4101100713101 
4101100728101 
4101100792101 
4101100794101 
4101101587101 
4101101729101 
4101101734101 
4101102022101 
4101105064101 
4101105071101 
4101105078101 
4101105079101 
4101105094101 
4101105124101 
4101105131101 
4101105139101 
4101105141101 
4101105144101 
4101105145101 
4101105166801 
4101105167801 
4101220001101 
4101220002101 
4101220003101 
4101220004101 
4101220005101 
4101220006101 
4101220007101 
4101220008101 
4101220009101 
4101220010101 
4101220011101 
4101220012101 
4101220013101 
4101220014101 
4101220015101 
4101220016101 
4101220017101 
4101220018101 
4101220019101 
4101220020101 
4101220021101 
4101220022101 
4101220023101 
4101220024101 
4101220025101 
4101220026101 
4101220027101 
4101220028101 
4101220029101 
4101220030101 
4101220031101 
4101220032101 
4101220033101 
4101220034101 
4101220035101 
4101220036101 
4101220037101 
4101220038101 
4101220039101 
4101220040101 
4101220041101 
4101220042101 
4101220043101 
4101220044101 
4101220045101 
4101220046101 
4101220047101 
4101220048101 
4101220049101 
4101220050101 
4101220051101 
4101220052101 
4101220053101 
4101220054101 
4101220055101 
4101220056101 
4101220057101 
4101220058101 
4101220059101 
4101220060101 
4101220061101 
4101220062101 
4101220063101 
4101220064101 
4101220065101 
4101220066101 
4101220067101 
4101220068101 
4101220069101 
4101220070101 
4101220071101 
4101220072101 
4101220073101 
4101220074101 
4101220075101 
4101220076101 
4101220077101 
4101220078101 
4101220079101 
4101220080101 
4101220081101 
4101220082101 
4101220083101 
4101220084101 
4101220085101 
4101220086101 
4101220087101 
4101220088101 
4101220089101 
4101220090101 
4101220091101 
4101220092101 
4101220093101 
4101220094101 
4101220095101 
4101220096101 
4101220097101 
4101220098101 
4101220099101 
4101220100101 
4101220101101 
4101220102101 
4101220103101 
4101220104101 
4101220105101 
4101220106101 
4101220107101 
4101220108101 
4101220109101 
4101220110101 
4101220111101 
4101220112101 
4101220113101 
4101220114101 
4101220115101 
4101220116101 
4101220117101 
4101220118101 
4101220119101 
4101220120101 
4101220121101 
4101220122101 
4101220123101 
4101220124101 
4101220125101 
4101220126101 
4101220127101 
4101220128101 
4101220129101 
4101220130101 
4101220131101 
4101220132101 
4101220133101 
4101220134101 
4101220135101 
4101220136101 
4101220137101 
4101220138101 
4101220139101 
4101220140101 
4101220141101 
4101220142101 
4101840001101 
4101840002101 
4101840003101 
4101840004101 
4101840005101 
4101840007101 
4101840008101 
4101840009101 
4101840010101 
4101840011101 
4101840013101 
4101840014101 
4101840015101 
4101840016101 
4101840017101 
4101840018101 
4101840019101 
4101840020101 
4101840021101 
4101840022101 
4101840023101 
4101840024101 
4101840025101 
4101840026101 
4101840027101 
4101840028101 
4101840029101 
4101840030101 
4101840031101 
4101840033101 
4101840034101 
4101840035101 
4101840036101 
4101840037101 
4101840039101 
4101840040101 
4101840041101 
4101840042101 
4101840043101 
4101840044101 
4101840045101 
4101840047101 
4101840048101 
4101840049101 
4101840050101 
4101840051101 
4101840052101 
4101840053101 
4101840054101 
4101840055101 
4101840056101 
4101840057101 
4101840058101 
4101840060101 
4101840061101 
4101840062101 
4101840065101 
4101840066101 
4101840068101 
4101840070101 
4101840072101 
4101840073101 
4101840074101 
4101840075101 
4101840076101 
4101840077101 
4101840078101 
4101840079101 
4101840080101 
4101840081101 
4101840082101 
4101840083101 
4101840084101 
4101840085101 
4101840086101 